303 494 144
671 159 145
487 817 171
193 452 144
463 77 144
861 450 171
557 428 142
585 818 171
986 659 179
320 82 131
993 751 179
334 950 179
999 984 112
215 250 128
303 536 144
19 66 113
983 331 179
557 307 144
814 801 135
432 961 179
966 979 143
56 31 113
688 524 145
698 974 179
39 54 113
39 821 171
430 59 144
779 883 179
400 787 171
964 120 179
362 489 142
969 27 179
672 270 145
619 63 144
964 807 179
920 71 179
504 575 137
112 749 171
472 265 144
362 519 142
780 468 171
820 882 179
338 791 171
435 780 171
161 173 125
770 45 171
504 845 171
164 574 144
306 97 128
650 317 145
894 321 179
535 565 137
456 869 171
794 640 171
976 226 179
980 226 179
458 64 144
192 517 144
39 274 128
115 628 144
268 662 145
508 541 124
580 616 132
851 726 153
146 713 171
657 747 171
220 121 125
606 383 142
574 679 145
997 960 143
316 777 171
22 124 119
636 134 144
128 987 179
445 495 142
918 281 179
141 597 144
707 737 140
108 108 114
943 373 179
222 422 144
313 250 131
38 976 179
505 496 111
102 89 119
789 462 171
574 380 142
701 445 145
526 447 142
62 985 179
863 792 148
240 314 131
582 320 144
4 332 144
951 50 179
79 203 125
1 925 179
591 769 171
603 64 144
253 935 179
788 729 153
626 31 144
35 377 144
243 943 179
375 976 179
76 424 144
227 90 125
285 824 171
280 0 128
95 858 171
499 448 142
346 433 134
473 309 144
296 553 144
926 480 179
679 715 171
337 755 171
5 214 125
273 851 171
423 263 144
872 488 179
118 13 119
290 735 171
624 840 171
940 210 179
495 606 137
652 169 145
505 479 142
822 34 171
398 789 171
400 529 142
134 19 122
998 118 179
460 171 144
740 616 171
550 96 144
672 428 145
611 905 179
964 755 179
490 974 179
9 227 125
850 987 179
516 583 137
61 18 113
829 157 171
564 433 142
33 727 171
340 576 142
216 697 145
135 212 125
191 477 144
644 177 144
749 42 171
175 518 144
81 900 179
385 489 142
259 455 144
625 708 171
826 897 179
855 298 171
103 868 171
88 577 144
377 249 144
24 548 144
211 790 171
745 753 140
841 933 179
287 17 128
855 989 179
176 332 144
571 524 137
826 215 171
459 277 144
305 699 145
159 120 122
133 63 122
195 849 171
612 673 145
375 648 142
745 500 171
12 567 144
925 989 174
12 641 144
631 230 144
466 990 179
391 439 134
115 974 179
314 284 131
164 893 179
521 691 145
172 196 120
585 180 144
278 651 145
327 761 171
57 76 116
642 422 142
197 300 128
141 722 171
957 577 179
652 37 145
700 474 145
551 340 142
286 679 145
915 324 179
189 346 144
6 580 144
461 441 129
102 637 144
230 183 120
562 758 171
243 301 123
248 819 171
198 852 171
728 707 127
43 198 125
15 160 122
458 878 179
806 291 171
87 504 144
96 482 144
548 290 144
160 826 171
795 61 171
144 706 171
367 34 144
193 479 144
591 758 171
22 858 171
954 806 179
82 705 171
782 609 171
215 328 144
465 816 171
956 265 179
641 82 144
236 884 179
149 700 145
472 959 179
324 558 144
968 615 179
724 176 171
470 178 144
625 919 179
136 893 179
231 533 144
118 453 144
233 905 179
363 224 144
229 804 171
520 133 144
417 952 179
282 850 171
314 308 131
534 770 171
782 634 171
519 612 137
437 911 179
515 139 144
770 334 171
647 855 171
86 935 179
718 719 52
136 316 131
684 521 145
423 368 134
368 432 134
51 307 128
540 963 179
606 618 132
611 699 145
323 139 131
994 344 179
96 736 171
418 777 171
326 563 144
791 359 171
807 730 153
128 180 125
755 999 179
15 165 122
462 239 144
961 166 179
915 354 179
275 215 128
342 569 142
215 351 144
80 388 144
733 171 171
751 792 153
847 69 171
530 971 179
783 106 171
792 900 179
336 113 144
306 225 128
553 183 144
670 989 179
658 228 145
221 20 125
979 180 179
174 695 145
17 7 20
477 340 134
545 926 179
793 29 171
946 390 179
586 413 142
310 639 144
52 971 179
300 605 144
499 542 124
394 328 126
855 70 171
559 365 142
575 588 119
233 616 144
575 959 179
815 899 179
465 998 179
867 997 179
558 448 142
983 87 179
411 884 179
865 212 171
819 423 171
771 886 179
626 916 179
405 444 134
895 320 179
764 199 171
311 881 179
177 645 144
826 595 171
939 325 179
77 759 171
393 118 144
663 981 179
606 599 119
221 871 179
41 270 128
193 351 144
40 416 144
162 116 122
769 582 171
927 318 179
380 469 134
558 860 171
809 327 171
18 652 145
422 320 144
858 979 179
789 318 171
358 553 142
108 678 145
483 764 171
476 753 171
449 764 171
288 432 144
861 443 171
662 635 145
548 624 137
967 273 179
968 203 179
949 214 179
249 317 131
806 600 171
915 328 179
409 156 144
346 994 179
576 34 144
183 664 145
236 407 144
877 638 179
315 849 171
744 139 171
424 791 171
315 505 144
943 188 179
297 706 171
48 67 113
791 687 171
424 517 142
652 748 171
353 271 144
370 1000 179
353 630 142
928 239 179
666 804 171
822 20 171
730 762 140
201 473 144
130 495 144
844 346 171
259 411 144
124 568 144
521 754 171
284 278 105
392 641 142
972 714 179
759 927 179
319 669 145
576 579 31
659 75 145
143 398 144
28 379 144
530 930 179
729 64 171
148 209 125
342 573 142
716 433 171
304 395 144
939 961 130
233 204 128
809 226 171
825 166 171
335 601 142
987 281 179
312 190 128
329 676 145
365 310 144
986 548 179
947 932 174
173 919 179
479 70 144
326 229 131
611 710 171
214 544 144
457 800 171
124 743 171
393 791 171
381 493 142
653 167 145
318 881 179
472 806 171
728 581 171
409 978 179
509 905 179
857 596 171
937 902 174
201 54 125
552 171 144
527 356 142
701 160 145
774 137 171
94 989 179
755 396 171
946 545 179
186 208 120
515 818 171
119 314 131
990 634 179
82 458 144
562 96 144
502 777 171
207 501 144
653 431 145
37 921 179
783 825 135
403 902 179
370 122 144
939 480 179
381 753 171
292 263 123
104 57 119
232 591 144
269 227 128
768 15 171
220 35 125
129 862 171
261 466 144
552 839 171
966 235 179
866 536 171
856 883 179
943 713 179
22 726 171
970 198 179
942 349 179
525 638 137
543 238 144
563 386 142
793 789 78
681 58 145
155 695 145
317 649 145
264 16 128
563 849 171
223 907 179
5 155 122
820 460 171
426 483 129
237 801 171
261 333 144
455 705 171
849 277 171
398 605 142
328 278 144
304 354 144
895 400 179
404 163 144
814 998 179
361 603 142
457 487 142
997 107 179
191 19 125
621 969 179
618 798 171
21 421 144
534 258 144
673 611 145
142 828 171
410 980 179
549 633 137
928 352 179
856 827 135
102 290 128
437 260 144
762 152 171
400 394 121
980 969 143
142 443 144
61 967 179
828 848 135
29 203 125
675 258 145
509 109 144
182 664 145
255 75 128
192 220 120
84 634 144
466 970 179
822 234 171
987 348 179
520 474 142
68 95 116
319 321 56
352 814 171
654 526 145
62 429 144
294 931 179
315 161 131
985 265 179
137 432 144
969 908 174
507 215 144
18 394 144
340 575 142
155 565 144
489 639 142
769 881 179
492 522 124
903 715 179
284 253 123
376 160 144
337 496 142
311 77 128
330 509 142
814 967 179
823 41 171
605 515 137
162 33 122
33 366 144
722 316 171
234 40 128
16 38 112
891 539 179
304 198 128
789 934 179
115 327 144
122 361 144
461 827 171
944 57 179
927 558 179
135 107 122
279 619 144
609 168 144
354 808 171
673 507 145
222 89 125
133 617 144
146 109 122
345 815 171
946 158 179
282 129 128
808 918 179
8 653 145
39 53 110
430 440 116
240 932 179
245 854 171
893 402 179
614 604 132
816 599 171
546 212 144
877 593 179
882 785 179
537 727 171
345 339 126
651 228 145
514 614 137
239 41 128
513 292 144
993 625 179
848 492 171
242 402 144
569 64 144
147 62 122
494 839 171
732 652 171
882 520 179
95 805 171
132 481 144
771 165 171
222 282 128
596 725 171
874 413 179
486 705 171
441 727 171
344 554 142
248 17 128
405 919 179
498 728 171
252 638 144
54 799 171
167 771 171
880 391 179
136 482 144
543 54 144
92 307 128
613 215 144
662 758 171
154 820 171
461 167 144
836 565 171
682 991 179
686 558 145
6 305 128
505 478 142
410 181 144
737 334 171
194 130 125
289 532 144
599 299 144
584 538 137
66 148 122
915 27 179
578 488 142
72 223 125
529 565 137
303 914 179
774 217 171
633 193 144
97 272 128
340 415 134
695 539 145
854 590 171
884 264 179
39 623 144
740 286 171
743 208 171
301 804 171
277 298 118
827 125 171
580 916 179
171 779 171
818 611 171
682 890 179
674 773 171
176 546 144
925 223 179
654 14 145
153 366 144
260 511 144
703 723 171
526 684 145
563 135 144
463 142 144
530 66 144
479 120 144
864 263 171
964 960 50
425 132 144
141 547 144
760 512 171
385 398 121
136 546 144
284 906 179
799 641 171
66 410 144
82 136 122
147 868 171
940 968 143
514 832 171
955 252 179
723 858 153
575 237 144
929 757 179
928 754 179
62 725 171
110 549 144
893 924 130
877 9 179
204 764 171
446 557 142
700 544 145
579 608 119
674 94 145
153 981 179
638 141 144
227 848 171
747 372 171
899 976 174
105 168 122
428 236 144
525 110 144
329 201 144
449 679 145
632 629 39
575 878 179
440 991 179
364 65 144
858 509 171
426 947 179
384 11 144
195 975 179
119 783 171
749 8 171
241 821 171
593 925 179
436 903 179
280 480 144
803 736 153
1000 423 179
931 21 179
454 448 116
654 210 145
103 958 179
874 767 179
731 682 171
458 493 142
59 578 144
882 624 179
734 335 171
446 712 171
737 686 171
765 257 171
843 182 171
61 965 179
379 77 144
287 657 145
762 227 171
173 345 144
359 703 171
627 989 179
938 671 179
339 580 142
7 948 179
881 322 179
567 670 145
575 996 179
874 55 179
329 813 171
80 709 171
665 517 145
475 744 171
891 418 179
376 931 179
232 282 128
775 643 171
573 651 145
832 906 179
858 528 171
414 694 145
604 356 142
21 629 144
965 594 179
873 121 179
390 844 171
777 863 148
732 882 179
366 788 171
865 697 171
959 947 130
736 289 171
195 762 171
712 351 171
920 725 179
287 467 144
216 79 125
559 953 179
911 449 179
883 235 179
290 640 144
2 538 144
40 571 144
504 736 171
668 662 145
865 155 171
287 635 144
626 4 144
291 764 171
518 532 124
7 510 144
603 583 119
890 886 148
883 905 148
164 990 179
221 873 179
222 914 179
842 13 171
590 460 142
543 986 179
939 158 179
141 681 145
8 16 20
424 313 144
499 141 144
989 222 179
89 641 144
474 837 171
436 938 179
551 761 171
293 983 179
877 896 148
389 973 179
47 901 179
762 490 171
370 816 171
673 818 171
404 654 145
724 44 171
34 665 145
330 738 171
571 780 171
50 479 144
820 806 135
863 24 171
402 976 179
369 634 142
155 671 145
276 906 179
162 86 122
998 342 179
509 178 144
434 880 179
516 959 179
573 737 171
233 54 128
708 674 171
365 322 144
543 409 142
756 409 171
493 633 137
375 753 171
516 168 144
757 636 171
903 843 179
221 971 179
22 481 144
595 89 144
219 239 128
854 142 171
707 156 171
835 492 171
814 56 171
604 600 70
858 692 171
853 175 171
365 37 144
670 575 145
483 66 144
515 817 171
649 745 171
922 632 179
299 512 144
559 8 144
150 738 171
118 653 145
468 80 144
110 836 171
607 763 171
833 258 171
407 692 145
459 108 144
948 694 179
404 574 142
935 651 179
17 102 119
267 893 179
894 940 174
189 20 125
149 547 144
195 247 128
255 280 123
998 688 179
836 24 171
87 209 125
894 337 179
0 867 171
311 742 171
441 518 142
899 630 179
286 301 118
875 538 179
19 585 144
623 755 171
392 63 144
558 398 142
704 196 171
681 363 145
190 526 144
639 930 179
376 279 144
153 116 122
776 225 171
535 681 145
234 900 179
370 843 171
882 587 179
640 83 144
147 762 171
151 40 122
140 661 145
430 310 144
983 880 174
538 728 171
390 586 142
841 473 171
204 202 40
942 736 179
424 33 144
445 376 134
450 250 144
819 414 171
917 11 179
630 787 171
499 901 179
373 298 144
820 136 171
31 606 144
720 418 171
414 588 142
414 767 171
368 452 134
34 180 125
590 1 144
19 406 144
515 31 144
926 120 179
964 188 179
885 382 179
145 615 144
809 849 135
992 643 179
78 276 128
142 460 144
316 389 144
53 344 144
950 918 174
943 626 179
695 408 145
513 991 179
405 460 134
99 638 144
170 681 145
536 913 179
574 892 179
165 663 145
523 785 171
84 223 125
128 548 144
701 27 145
180 591 144
318 160 131
781 290 171
633 701 145
113 658 145
336 202 144
324 224 131
215 19 125
644 515 137
117 530 144
182 345 144
937 201 179
677 67 145
665 9 145
550 149 144
856 411 171
953 314 179
579 524 137
973 937 174
26 901 179
520 204 144
438 996 179
799 657 171
630 496 137
343 474 134
456 271 144
936 721 179
997 773 179
