1 3
4 1
2 1
4 1
5 3
1 3
1 2
5 3
1 1
5 5
39 91
34 91
1 59
66 89
2 22
80 10
31 3
34 53
43 92
15 72
56 1
30 90
11 1
66 52
96 21
93 28
7 13
37 51
101 7
24 26
54 79
37 51
23 88
38 81
38 5
84 48
41 31
3 36
33 10
45 58
78 91
28 46
60 14
18 99
50 92
29 59
74 21
55 46
5 58
27 28
18 68
6 37
82 90
55 42
15 93
64 53
75 93
88 80
45 43
7 71
26 93
60 83
14 35
58 83
21 46
43 19
48 55
98 67
16 92
38 55
2 49
83 67
98 4
52 92
18 23
34 49
43 46
2 16
43 27
25 17
97 54
16 90
15 51
88 92
62 36
55 26
38 67
94 5
91 7
27 32
58 81
70 87
45 31
46 54
51 93
74 92
97 95
46 10
4 43
92 84
23 46
41 18
93 44
98 9
24 21
10 20
30 22
74 54
68 99
65 43
101 8
85 18
65 44
41 53
89 7
31 69
25 54
16 89
4 65
76 14
30 16
48 16
72 35
42 45
82 52
31 41
31 85
11 6
36 82
52 53
54 60
86 20
28 83
94 90
101 2
99 77
27 48
64 3
27 80
50 25
6 45
14 7
27 26
66 19
87 23
25 9
38 91
100 51
72 85
76 72
34 3
42 92
47 32
32 40
33 82
27 28
95 4
95 89
61 63
53 97
69 26
94 85
73 45
81 13
73 69
9 74
61 10
33 81
23 1
44 51
37 76
45 4
14 97
10 90
86 6
61 41
31 82
39 4
66 4
24 74
59 71
72 52
52 90
68 85
73 45
14 55
39 96
94 25
41 88
3 85
86 4
79 43
24 21
42 73
82 87
3 28
56 43
50 19
63 75
47 23
999998 999996
999999 999999
999995 999995
999995 999996
999996 999997
999998 999995
999996 999997
999996 999995
999997 999995
999996 999995
999975 999990
999916 999970
999997 999960
999903 999937
999981 999936
999972 999939
999992 999964
999944 999915
999905 999976
999963 999969
999994 999948
999959 999954
999959 999932
999943 999991
999975 999967
999905 999973
999988 999966
999986 999986
999976 999980
999907 999991
999910 999928
999928 999989
999955 999991
999947 999967
999929 999931
999967 999962
999913 999981
999982 999976
999951 999903
999925 999927
999968 999966
999965 999951
999970 999998
999964 999962
999909 999943
999910 999916
999977 999918
999997 999969
999934 999951
999985 999926
999928 999980
999976 999938
999962 999917
999919 999925
999984 999980
999946 999987
999954 999948
999951 999946
999985 999935
999929 999939
999988 999937
999907 999922
999996 999920
999970 999912
999989 999991
999952 999949
999926 999927
999982 999916
999944 999923
999902 999934
999958 999966
999979 999937
999936 999989
999948 999918
999901 999937
999967 999989
999919 999918
999975 999907
999960 999904
999905 999991
999900 999943
999934 999932
999950 999900
999957 999989
999909 999990
999927 999917
999906 999999
999902 999980
999962 999906
999943 999991
999969 999990
999991 999903
999985 999964
999981 999944
999939 999966
999958 999922
999983 999942
999933 999933
999913 999905
999934 999900
999929 999926
999914 999934
999918 999974
999924 999941
999931 999972
999975 999945
999978 999973
999904 999911
999961 999953
999959 999999
999907 999907
999943 999949
999954 999961
999988 999915
999991 999995
999900 999992
999933 999910
999945 999917
999995 999959
999991 999980
999905 999947
999909 999945
999984 999980
999932 999929
999984 999928
999976 999904
999981 999900
999909 999953
999982 999921
999911 999933
999964 999951
999972 999988
999980 999959
999969 999922
999969 999990
999995 999905
999974 999976
999958 999926
999914 999989
999952 999947
999937 999978
999931 999976
999967 999984
999935 999938
999941 999993
999970 999907
999941 999944
999914 999981
999976 999970
999991 999940
999941 999940
999971 999992
999935 999934
999978 999916
999925 999990
999965 999989
999950 999948
999907 999934
999982 999932
999918 999968
999969 999976
999916 999944
999976 999990
999963 999900
999902 999962
999984 999954
999911 999925
999955 999941
999905 999977
999972 999960
999972 999954
999945 999988
999935 999966
999924 999977
999903 999959
999937 999989
999976 999936
999917 999978
999933 999932
999976 999921
999945 999990
999980 999957
999954 999970
999914 999993
999929 999995
999915 999917
999953 999945
999990 999970
999939 999912
999989 999901
999949 999934
999962 999946
999906 999940
999931 999926
999997 999907
999999 999940
999951 999937
999948 999933
999978 999967
999982 999935
100893 303242
344802 229013
921588 5860
663098 504809
540695 667707
865858 198397
420331 563537
147456 189694
402358 859406
927344 107633
531501 92634
168102 732572
426078 314046
963071 109670
696256 756725
552313 738439
467453 450159
649756 74666
790838 448867
178469 884818
477967 846225
622587 494243
615204 829861
115694 885434
189209 289848
281965 13373
621505 708843
409737 843074
562780 735265
605622 662410
79715 406677
726626 386901
99323 510497
293010 63859
940957 584475
288167 245629
691726 848575
370288 178183
440569 191438
322233 843895
689612 176219
503479 252588
143035 942922
18951 87450
258499 55236
666400 206961
736180 826934
663967 388414
337480 62674
271099 416475
597441 15094
762670 300636
702701 754404
351281 550900
260306 695979
19029 575078
869117 462001
192370 208312
421309 147816
78781 581316
843249 435959
422867 404842
75578 792157
263083 692967
595783 952806
443543 296877
20149 836461
387655 311602
860119 167458
67815 517474
50963 504300
968040 640096
467539 165390
139089 682916
932607 110096
121662 646250
821306 960738
64837 864240
129765 726514
860795 427410
784717 59586
458557 23187
77364 991542
168665 230169
252722 117667
113504 820277
895748 974833
489165 777503
333857 502017
945205 21894
462984 559584
335191 51563
874607 65960
562591 904924
414122 2177
184927 687105
569847 818643
296107 28910
243502 104811
842299 314292
403412 444721
452538 143918
471529 689059
249497 320101
455472 699957
263152 51579
123079 584958
569416 125259
569054 39484
319996 637627
305113 400991
449235 711364
334866 292166
201907 663274
957017 678239
792806 241179
488794 372954
256598 850545
859115 734241
299778 26506
133163 79195
413981 282478
705818 612026
274595 790388
922751 617723
1918 712969
75190 18792
176546 728258
802136 685905
144431 701896
362015 553973
990236 630558
900079 209823
682839 955161
169027 325931
952403 513411
281445 328799
804662 311357
312994 301782
747554 147569
714843 574009
494341 186827
144139 598762
943914 166839
110153 425324
788446 702551
270730 488302
78391 317890
262434 331251
232161 553558
887080 789167
413187 478387
681926 909373
870695 382203
837306 930476
932096 956093
240087 13581
272242 134721
351958 712805
303491 281367
901314 134549
584293 637117
37963 987637
753015 423476
822291 925206
110083 838149
257384 485243
838706 469318
193531 550948
77334 848199
766974 239630
198673 329720
293696 836647
412429 802065
5166 168573
220306 454227
564536 468854
154738 886661
54240 564358
302934 11933
719391 896256
21909 990405
733365 850690
323891 557466
968543 847093
637263 834640
930152 614964
804920 247203
144232 877835
397190 802450
955102 195478
394113 951782
10771 483097
605162 89974
65765 953325
946231 162207
344855 578583
718049 45562
17432 425269
23635 866050
893140 274108
6829 773053
479404 938725
71676 275265
286590 793383
356133 860645
573939 611079
236221 499898
94593 831407
658502 479721
490333 65078
102110 922493
876400 269983
522282 682813
84589 576980
66682 243095
448546 3658
635576 323226
340474 100288
515454 638121
669260 757334
362471 65371
198884 406543
938185 324771
370592 701714
229918 966753
732947 212411
550589 285690
72466 638173
721149 475563
297207 988805
32277 355155
35185 173900
925830 891214
166086 495965
209531 760181
713835 131576
546314 722515
509294 910945
697834 990430
410060 331410
801182 695950
137804 307195
855398 757133
661746 366379
804518 163897
436043 78803
39146 615145
880765 649589
428705 159831
342125 244494
475194 114995
705024 740396
549177 692934
314835 842332
646296 618064
19638 13013
156797 359094
833800 854350
503859 133934
775938 613001
279253 312712
35455 381921
431631 315321
68498 774654
583672 554241
232524 612140
246893 142
163608 574329
649974 532616
98360 79344
721307 88664
990283 502653
565994 269787
556773 895358
498679 908947
708950 279002
320580 971816
698644 551532
691133 218941
880760 732655
809956 625333
365728 157705
112169 907933
821143 147846
251550 368188
337704 154139
125476 158128
451920 434433
179020 858799
946499 705496
680493 394827
542163 247560
707981 508977
380803 836767
940561 548252
835592 143329
730733 719538
437877 561957
118163 188163
880888 702986
189952 701412
358135 445435
183778 366167
335488 637787
631200 777331
988287 432766
789166 961717
375110 785799
661645 301473
259000 364027
175825 59282
669828 49300
333873 487058
898320 872820
864057 323908
253430 454673
95285 926930
694323 553666
512386 954595
75113 8212
245633 230012
245554 94194
886704 879569
213047 563397
548056 637795
691416 223997
212577 641730
179055 66271
132137 78594
567785 899995
794016 277439
699125 260401
636718 406463
6553 836461
857668 207365
303893 667733
799886 236483
469154 733061
245173 601995
267539 656855
396031 661257
713074 359614
978324 335437
30508 604214
677496 179182
99614 600735
988952 129986
102741 666362
437482 122030
415045 722840
938798 119496
197847 443373
237014 751722
650359 616295
292109 689310
310084 2836
492803 21910
896830 526319
732757 709378
157687 240592
426972 20670
165931 253383
43109 237260
669832 970621
426842 15930
405665 225112
332110 25155
106474 979612
490435 179854
204288 811543
714355 77378
588912 959353
790361 555174
967231 826889
856910 17158
899727 922378
78158 64304
598719 409951
32706 503015
193917 678894
524599 446021
508711 402788
925069 787767
88376 348128
825392 656945
336030 451376
857848 744489
652025 673289
70375 419483
936314 536337
318619 992650
464333 278173
594863 417939
495331 557672
252090 433342
821689 448885
1634 406035
267544 452936
872823 844126
756622 69419
794299 67133
53918 134651
283061 102617
32258 372043
526493 991193
723899 7392
777745 277326
643870 324509
225261 612771
204012 47708
548573 650722
912441 392369
442428 565766
509131 880130
605317 955615
758772 286413
566546 34741
494241 143901
956014 387983
242053 884627
36513 153849
772944 112090
762245 751886
412398 918274
46724 866493
203765 32518
519428 928270
595225 653358
145426 403919
128031 97294
416097 316978
971409 803789
12571 851543
721997 884946
616458 191070
580400 87614
347041 96840
377469 943027
18189 36423
139001 103979
683983 70400
212952 406868
701950 534300
25050 447563
599171 499499
509513 820333
873764 578500
214698 987518
925012 398516
492009 719673
426603 828808
287257 261535
150076 277248
26433 806184
435882 917144
593288 137349
125012 65512
752069 831701
759632 213571
601714 182532
805270 323033
796108 348870
668601 565876
671258 511014
965241 630090
589433 610627
980557 210126
742033 412559
306087 104059
988245 888289
649222 992042
860406 318656
567887 48899
60711 358287
256878 183515
504193 11559
460929 482535
9725 162641
601715 272758
95768 995108
513824 253745
624017 566109
622357 739033
670253 942608
672206 618762
683377 309376
869067 614630
738698 860909
94148 532828
19426 408517
374168 371869
123732 774871
354594 613023
838403 196346
635966 175648
984318 73768
619135 509532
555561 183519
197686 282242
4810 853628
700634 511938
559491 170862
84290 812418
532343 211884
56959 741111
543592 552667
558204 770517
740016 754142
713062 692906
937202 494978
109317 512014
730955 767610
217654 58382
265682 178415
276149 330423
451867 857072
608107 229009
866859 42419
407533 23056
670541 492709
942624 207084
267845 955119
264162 469625
876122 739300
567830 756374
670070 332809
191199 281605
722828 680218
297003 496048
221027 707278
761285 743133
659375 855041
794625 115416
405206 644417
224398 348170
580417 21776
690199 671300
147855 780728
272995 510426
634377 960217
350264 470503
326576 109014
938221 188797
470438 142612
46762 298107
923763 148593
742829 214293
394648 804691
977918 833890
630173 247969
10706 250637
180608 428820
329164 552792
614852 806390
958990 644034
234306 648908
745927 979774
111359 328190
737811 624859
531640 553108
510558 511830
24752 109651
452614 351908
958508 853983
766911 409839
705211 245368
888993 316093
65256 986127
369350 895626
732465 239878
846636 470483
242108 260580
531791 158962
566367 507130
250884 591977
590886 832401
408262 323499
433561 320815
384402 12576
337340 292387
55708 278038
819668 358588
843956 179620
94310 186022
773353 814813
903317 984570
797639 428120
130244 805418
968856 174909
549642 871341
584353 635078
886676 386107
271598 72338
697190 964289
831627 244633
491437 751290
543567 331543
589860 797416
985104 413316