303 494
671 159
487 817
193 452
463 77
861 450
557 428
585 818
986 659
320 82
993 751
334 950
999 984
215 250
303 536
19 66
983 331
557 307
814 801
432 961
966 979
56 31
688 524
698 974
39 54
39 821
430 59
779 883
400 787
964 120
362 489
969 27
672 270
619 63
964 807
920 71
504 575
112 749
472 265
362 519
780 468
820 882
338 791
435 780
161 173
770 45
504 845
164 574
306 97
650 317
894 321
535 565
456 869
794 640
976 226
980 226
458 64
192 517
39 274
115 628
268 662
508 541
580 616
851 726
146 713
657 747
220 121
606 383
574 679
997 960
316 777
22 124
636 134
128 987
445 495
918 281
141 597
707 737
108 108
943 373
222 422
313 250
38 976
505 496
102 89
789 462
574 380
701 445
526 447
62 985
863 792
240 314
582 320
4 332
951 50
79 203
1 925
591 769
603 64
253 935
788 729
626 31
35 377
243 943
375 976
76 424
227 90
285 824
280 0
95 858
499 448
346 433
473 309
296 553
926 480
679 715
337 755
5 214
273 851
423 263
872 488
118 13
290 735
624 840
940 210
495 606
652 169
505 479
822 34
398 789
400 529
134 19
998 118
460 171
740 616
550 96
672 428
611 905
964 755
490 974
9 227
850 987
516 583
61 18
829 157
564 433
33 727
340 576
216 697
135 212
191 477
644 177
749 42
175 518
81 900
385 489
259 455
625 708
826 897
855 298
103 868
88 577
377 249
24 548
211 790
745 753
841 933
287 17
855 989
176 332
571 524
826 215
459 277
305 699
159 120
133 63
195 849
612 673
375 648
745 500
12 567
925 989
12 641
631 230
466 990
391 439
115 974
314 284
164 893
521 691
172 196
585 180
278 651
327 761
57 76
642 422
197 300
141 722
957 577
652 37
700 474
551 340
286 679
915 324
189 346
6 580
461 441
102 637
230 183
562 758
243 301
248 819
198 852
728 707
43 198
15 160
458 878
806 291
87 504
96 482
548 290
160 826
795 61
144 706
367 34
193 479
591 758
22 858
954 806
82 705
782 609
215 328
465 816
956 265
641 82
236 884
149 700
472 959
324 558
968 615
724 176
470 178
625 919
136 893
231 533
118 453
233 905
363 224
229 804
520 133
417 952
282 850
314 308
534 770
782 634
519 612
437 911
515 139
770 334
647 855
86 935
718 719
136 316
684 521
423 368
368 432
51 307
540 963
606 618
611 699
323 139
994 344
96 736
418 777
326 563
791 359
807 730
128 180
755 999
15 165
462 239
961 166
915 354
275 215
342 569
215 351
80 388
733 171
751 792
847 69
530 971
783 106
792 900
336 113
306 225
553 183
670 989
658 228
221 20
979 180
174 695
17 7
477 340
545 926
793 29
946 390
586 413
310 639
52 971
300 605
499 542
394 328
855 70
559 365
575 588
233 616
575 959
815 899
465 998
867 997
558 448
983 87
411 884
865 212
819 423
771 886
626 916
405 444
895 320
764 199
311 881
177 645
826 595
939 325
77 759
393 118
663 981
606 599
221 871
41 270
193 351
40 416
162 116
769 582
927 318
380 469
558 860
809 327
18 652
422 320
858 979
789 318
358 553
108 678
483 764
476 753
449 764
288 432
861 443
662 635
548 624
967 273
968 203
949 214
249 317
806 600
915 328
409 156
346 994
576 34
183 664
236 407
877 638
315 849
744 139
424 791
315 505
943 188
297 706
48 67
791 687
424 517
652 748
353 271
370 1000
353 630
928 239
666 804
822 20
730 762
201 473
130 495
844 346
259 411
124 568
521 754
284 278
392 641
972 714
759 927
319 669
576 579
659 75
143 398
28 379
530 930
729 64
148 209
342 573
716 433
304 395
939 961
233 204
809 226
825 166
335 601
987 281
312 190
329 676
365 310
986 548
947 932
173 919
479 70
326 229
611 710
214 544
457 800
124 743
393 791
381 493
653 167
318 881
472 806
728 581
409 978
509 905
857 596
937 902
201 54
552 171
527 356
701 160
774 137
94 989
755 396
946 545
186 208
515 818
119 314
990 634
82 458
562 96
502 777
207 501
653 431
37 921
783 825
403 902
370 122
939 480
381 753
292 263
104 57
232 591
269 227
768 15
220 35
129 862
261 466
552 839
966 235
866 536
856 883
943 713
22 726
970 198
942 349
525 638
543 238
563 386
793 789
681 58
155 695
317 649
264 16
563 849
223 907
5 155
820 460
426 483
237 801
261 333
455 705
849 277
398 605
328 278
304 354
895 400
404 163
814 998
361 603
457 487
997 107
191 19
621 969
618 798
21 421
534 258
673 611
142 828
410 980
549 633
928 352
856 827
102 290
437 260
762 152
400 394
980 969
142 443
61 967
828 848
29 203
675 258
509 109
182 664
255 75
192 220
84 634
466 970
822 234
987 348
520 474
68 95
319 321
352 814
654 526
62 429
294 931
315 161
985 265
137 432
969 908
507 215
18 394
340 575
155 565
489 639
769 881
492 522
903 715
284 253
376 160
337 496
311 77
330 509
814 967
823 41
605 515
162 33
33 366
722 316
234 40
16 38
891 539
304 198
789 934
115 327
122 361
461 827
944 57
927 558
135 107
279 619
609 168
354 808
673 507
222 89
133 617
146 109
345 815
946 158
282 129
808 918
8 653
39 53
430 440
240 932
245 854
893 402
614 604
816 599
546 212
877 593
882 785
537 727
345 339
651 228
514 614
239 41
513 292
993 625
848 492
242 402
569 64
147 62
494 839
732 652
882 520
95 805
132 481
771 165
222 282
596 725
874 413
486 705
441 727
344 554
248 17
405 919
498 728
252 638
54 799
167 771
880 391
136 482
543 54
92 307
613 215
662 758
154 820
461 167
836 565
682 991
686 558
6 305
505 478
410 181
737 334
194 130
289 532
599 299
584 538
66 148
915 27
578 488
72 223
529 565
303 914
774 217
633 193
97 272
340 415
695 539
854 590
884 264
39 623
740 286
743 208
301 804
277 298
827 125
580 916
171 779
818 611
682 890
674 773
176 546
925 223
654 14
153 366
260 511
703 723
526 684
563 135
463 142
530 66
479 120
864 263
964 960
425 132
141 547
760 512
385 398
136 546
284 906
799 641
66 410
82 136
147 868
940 968
514 832
955 252
723 858
575 237
929 757
928 754
62 725
110 549
893 924
877 9
204 764
446 557
700 544
579 608
674 94
153 981
638 141
227 848
747 372
899 976
105 168
428 236
525 110
329 201
449 679
632 629
575 878
440 991
364 65
858 509
426 947
384 11
195 975
119 783
749 8
241 821
593 925
436 903
280 480
803 736
1000 423
931 21
454 448
654 210
103 958
874 767
731 682
458 493
59 578
882 624
734 335
446 712
737 686
765 257
843 182
61 965
379 77
287 657
762 227
173 345
359 703
627 989
938 671
339 580
7 948
881 322
567 670
575 996
874 55
329 813
80 709
665 517
475 744
891 418
376 931
232 282
775 643
573 651
832 906
858 528
414 694
604 356
21 629
965 594
873 121
390 844
777 863
732 882
366 788
865 697
959 947
736 289
195 762
712 351
920 725
287 467
216 79
559 953
911 449
883 235
290 640
2 538
40 571
504 736
668 662
865 155
287 635
626 4
291 764
518 532
7 510
603 583
890 886
883 905
164 990
221 873
222 914
842 13
590 460
543 986
939 158
141 681
8 16
424 313
499 141
989 222
89 641
474 837
436 938
551 761
293 983
877 896
389 973
47 901
762 490
370 816
673 818
404 654
724 44
34 665
330 738
571 780
50 479
820 806
863 24
402 976
369 634
155 671
276 906
162 86
998 342
509 178
434 880
516 959
573 737
233 54
708 674
365 322
543 409
756 409
493 633
375 753
516 168
757 636
903 843
221 971
22 481
595 89
219 239
854 142
707 156
835 492
814 56
604 600
858 692
853 175
365 37
670 575
483 66
515 817
649 745
922 632
299 512
559 8
150 738
118 653
468 80
110 836
607 763
833 258
407 692
459 108
948 694
404 574
935 651
17 102
267 893
894 940
189 20
149 547
195 247
255 280
998 688
836 24
87 209
894 337
0 867
311 742
441 518
899 630
286 301
875 538
19 585
623 755
392 63
558 398
704 196
681 363
190 526
639 930
376 279
153 116
776 225
535 681
234 900
370 843
882 587
640 83
147 762
151 40
140 661
430 310
983 880
538 728
390 586
841 473
204 202
942 736
424 33
445 376
450 250
819 414
917 11
630 787
499 901
373 298
820 136
31 606
720 418
414 588
414 767
368 452
34 180
590 1
19 406
515 31
926 120
964 188
885 382
145 615
809 849
992 643
78 276
142 460
316 389
53 344
950 918
943 626
695 408
513 991
405 460
99 638
170 681
536 913
574 892
165 663
523 785
84 223
128 548
701 27
180 591
318 160
781 290
633 701
113 658
336 202
324 224
215 19
644 515
117 530
182 345
937 201
677 67
665 9
550 149
856 411
953 314
579 524
973 937
26 901
520 204
438 996
799 657
630 496
343 474
456 271
936 721
997 773
